720575940622338742
720575940619071005
720575940637136752
720575940637623780
720575940640541091
720575940640803200
720575940610161091
720575940628059978
720575940640415859
720575940621542747
720575940621585279
720575940612347571
720575940646576436
720575940605758142
720575940648633988
720575940612637554
720575940629792732
720575940622650879
720575940660217729
720575940613804259
720575940630225403
720575940616758322
720575940616908177
720575940624832743
720575940623137997
720575940617299131
720575940614956072
720575940622726271
720575940625584484
720575940618112310
720575940625585508
720575940615708482
720575940623792648
720575940631603281
720575940626342174
720575940616197819
720575940631704716
720575940624435128